      12.400500         37.800000
      12.401500         37.800000
      12.402500         37.800000
      12.403500         37.800000
      12.404500         37.800000
      12.405500         37.800000
      12.406500         37.800000
      12.407500         37.800000
      12.408500         37.800000
      12.409500         37.800000
      12.410500         37.800000
      12.411500         37.800000
      12.412500         37.800000
      12.413500         37.800000
      12.414500         37.800000
      12.415500         37.800000
      12.416500         37.800000
      12.417500         37.800000
      12.418500         37.800000
      12.419500         37.800000
      12.420500         37.800000
      12.421500         37.800000
      12.422500         37.800000
      12.423500         37.800000
      12.424500         37.800000
      12.425500         37.800000
      12.426500         37.800000
      12.427500         37.800000
      12.428500         37.800000
      12.429500         37.800000
      12.430500         37.800000
      12.431500         37.800000
      12.432500         37.800000
      12.433500         37.800000
      12.434500         37.800000
      12.435500         37.800000
      12.436500         37.800000
      12.437500         37.800000
      12.438500         37.800000
      12.439500         37.800000
      12.440500         37.800000
      12.441500         37.800000
      12.442500         37.800000
      12.443500         37.800000
      12.444500         37.800000
      12.445500         37.800000
      12.446500         37.800000
      12.447500         37.800000
      12.448500         37.800000
      12.449500         37.800000
      12.450500         37.800000
      12.451500         37.800000
      12.452500         37.800000
      12.453500         37.800000
      12.454500         37.800000
      12.455500         37.800000
      12.456500         37.800000
      12.457500         37.800000
      12.458500         37.800000
      12.459500         37.800000
      12.460500         37.800000
      12.461500         37.800000
      12.462500         37.800000
      12.463500         37.800000
      12.464500         37.800000
      12.465500         37.800000
      12.466500         37.800000
      12.467500         37.800000
      12.468500         37.800000
      12.469500         37.800000
      12.470500         37.800000
      12.471500         37.800000
      12.472500         37.800000
      12.473500         37.800000
      12.474500         37.800000
      12.475500         37.800000
      12.476500         37.800000
      12.477500         37.800000
      12.478500         37.800000
      12.479500         37.800000
      12.480500         37.800000
      12.481500         37.800000
      12.482500         37.800000
      12.483500         37.800000
      12.484500         37.800000
      12.485500         37.800000
      12.486500         37.800000
      12.487500         37.800000
      12.488500         37.800000
      12.489500         37.800000
      12.490500         37.800000
      12.491500         37.800000
      12.492500         37.800000
      12.493500         37.800000
      12.494500         37.800000
      12.495500         37.800000
      12.496500         37.800000
      12.497500         37.800000
      12.498500         37.800000
      12.499500         37.800000
      12.500500         37.800000
      12.501500         37.800000
      12.502500         37.800000
      12.503500         37.800000
      12.504500         37.800000
      12.505500         37.800000
      12.506500         37.800000
      12.507500         37.800000
      12.508500         37.800000
      12.509500         37.800000
      12.510500         37.800000
      12.511500         37.800000
      12.512500         37.800000
      12.513500         37.800000
      12.514500         37.800000
      12.515500         37.800000
      12.516500         37.800000
      12.517500         37.800000
      12.518500         37.800000
      12.519500         37.800000
      12.520500         37.800000
      12.520500         37.801000
      12.520500         37.802000
      12.520500         37.803000
      12.520500         37.804000
      12.520500         37.805000
      12.520500         37.806000
      12.520500         37.807000
      12.520500         37.808000
      12.520500         37.809000
      12.520500         37.810000
      12.520500         37.811000
      12.520500         37.812000
      12.520500         37.813000
      12.520500         37.814000
      12.520500         37.815000
      12.520500         37.816000
      12.520500         37.817000
      12.520500         37.818000
      12.520500         37.819000
      12.520500         37.820000
      12.520500         37.821000
      12.520500         37.822000
      12.520500         37.823000
      12.520500         37.824000
      12.520500         37.825000
      12.520500         37.826000
      12.520500         37.827000
      12.520500         37.828000
      12.520500         37.829000
      12.520500         37.830000
      12.520500         37.831000
      12.520500         37.832000
      12.520500         37.833000
      12.520500         37.834000
      12.520500         37.835000
      12.520500         37.836000
      12.520500         37.837000
      12.520500         37.838000
      12.520500         37.839000
      12.520500         37.840000
      12.520500         37.841000
      12.520500         37.842000
      12.520500         37.843000
      12.520500         37.844000
      12.520500         37.845000
      12.520500         37.846000
      12.520500         37.847000
      12.520500         37.848000
      12.520500         37.849000
      12.520500         37.850000
      12.520500         37.851000
      12.520500         37.852000
      12.520500         37.853000
      12.520500         37.854000
      12.520500         37.855000
      12.520500         37.856000
      12.520500         37.857000
      12.520500         37.858000
      12.520500         37.859000
      12.520500         37.860000
      12.520500         37.861000
      12.520500         37.862000
      12.520500         37.863000
      12.520500         37.864000
      12.520500         37.865000
      12.520500         37.866000
      12.520500         37.867000
      12.520500         37.868000
      12.520500         37.869000
      12.520500         37.870000
      12.520500         37.871000
      12.520500         37.872000
      12.520500         37.873000
      12.520500         37.874000
      12.520500         37.875000
      12.520500         37.876000
      12.520500         37.877000
      12.520500         37.878000
      12.520500         37.879000
      12.520500         37.880000
      12.520500         37.881000
      12.520500         37.882000
      12.520500         37.883000
      12.520500         37.884000
      12.520500         37.885000
      12.520500         37.886000
      12.520500         37.887000
      12.520500         37.888000
      12.520500         37.889000
      12.520500         37.890000
      12.520500         37.891000
      12.520500         37.892000
      12.520500         37.893000
      12.520500         37.894000
      12.520500         37.895000
      12.520500         37.896000
      12.520500         37.897000
      12.520500         37.898000
      12.520500         37.899000
      12.520500         37.900000
      12.520500         37.901000
      12.520500         37.902000
      12.520500         37.903000
      12.520500         37.904000
      12.520500         37.905000
      12.520500         37.906000
      12.520500         37.907000
      12.520500         37.908000
      12.520500         37.909000
      12.520500         37.910000
      12.520500         37.911000
      12.520500         37.912000
      12.520500         37.913000
      12.520500         37.914000
      12.520500         37.915000
      12.520500         37.916000
      12.520500         37.917000
      12.520500         37.918000
      12.520500         37.919000
      12.520500         37.920000
      12.520500         37.921000
      12.520500         37.922000
      12.520500         37.923000
      12.520500         37.924000
      12.520500         37.925000
      12.520500         37.926000
      12.520500         37.927000
      12.520500         37.928000
      12.520500         37.929000
      12.520500         37.930000
      12.520500         37.931000
      12.520500         37.932000
      12.520500         37.933000
      12.520500         37.934000
      12.520500         37.935000
      12.520500         37.936000
      12.520500         37.937000
      12.520500         37.938000
      12.520500         37.939000
      12.520500         37.940000
      12.520500         37.941000
      12.520500         37.942000
      12.520500         37.943000
      12.520500         37.944000
      12.520500         37.945000
      12.520500         37.946000
      12.520500         37.947000
      12.520500         37.948000
      12.520500         37.949000
      12.520500         37.950000
      12.520500         37.951000
      12.520500         37.952000
      12.520500         37.953000
      12.520500         37.954000
      12.520500         37.955000
      12.520500         37.956000
      12.520500         37.957000
      12.520500         37.958000
      12.520500         37.959000
      12.520500         37.960000
      12.520500         37.961000
      12.520500         37.962000
      12.520500         37.963000
      12.520500         37.964000
      12.520500         37.965000
      12.520500         37.966000
      12.520500         37.967000
      12.520500         37.968000
      12.520500         37.969000
      12.520500         37.970000
      12.520500         37.971000
      12.520500         37.972000
      12.520500         37.973000
      12.520500         37.974000
      12.520500         37.975000
      12.520500         37.976000
      12.520500         37.977000
      12.520500         37.978000
      12.520500         37.979000
      12.520500         37.980000
      12.520500         37.981000
      12.520500         37.982000
      12.520500         37.983000
      12.520500         37.984000
      12.520500         37.985000
      12.520500         37.986000
      12.520500         37.987000
      12.520500         37.988000
      12.520500         37.989000
      12.520500         37.990000
      12.520500         37.991000
      12.520500         37.992000
      12.520500         37.993000
      12.520500         37.994000
      12.520500         37.995000
      12.520500         37.996000
      12.520500         37.997000
      12.520500         37.998000
      12.520500         37.999000
      12.520500         38.000000
      12.520500         38.001000
      12.520500         38.002000
      12.520500         38.003000
      12.520500         38.004000
      12.520500         38.005000
      12.520500         38.006000
      12.520500         38.007000
      12.520500         38.008000
      12.520500         38.009000
      12.520500         38.010000
      12.520500         38.011000
      12.520500         38.012000
      12.520500         38.013000
      12.520500         38.014000
      12.520500         38.015000
      12.520500         38.016000
      12.520500         38.017000
      12.520500         38.018000
      12.520500         38.019000
      12.520500         38.020000
      12.519500         38.020000
      12.518500         38.020000
      12.517500         38.020000
      12.516500         38.020000
      12.515500         38.020000
      12.514500         38.020000
      12.513500         38.020000
      12.512500         38.020000
      12.511500         38.020000
      12.510500         38.020000
      12.509500         38.020000
      12.508500         38.020000
      12.507500         38.020000
      12.506500         38.020000
      12.505500         38.020000
      12.504500         38.020000
      12.503500         38.020000
      12.502500         38.020000
      12.501500         38.020000
      12.500500         38.020000
      12.499500         38.020000
      12.498500         38.020000
      12.497500         38.020000
      12.496500         38.020000
      12.495500         38.020000
      12.494500         38.020000
      12.493500         38.020000
      12.492500         38.020000
      12.491500         38.020000
      12.490500         38.020000
      12.489500         38.020000
      12.488500         38.020000
      12.487500         38.020000
      12.486500         38.020000
      12.485500         38.020000
      12.484500         38.020000
      12.483500         38.020000
      12.482500         38.020000
      12.481500         38.020000
      12.480500         38.020000
      12.479500         38.020000
      12.478500         38.020000
      12.477500         38.020000
      12.476500         38.020000
      12.475500         38.020000
      12.474500         38.020000
      12.473500         38.020000
      12.472500         38.020000
      12.471500         38.020000
      12.470500         38.020000
      12.469500         38.020000
      12.468500         38.020000
      12.467500         38.020000
      12.466500         38.020000
      12.465500         38.020000
      12.464500         38.020000
      12.463500         38.020000
      12.462500         38.020000
      12.461500         38.020000
      12.460500         38.020000
      12.459500         38.020000
      12.458500         38.020000
      12.457500         38.020000
      12.456500         38.020000
      12.455500         38.020000
      12.454500         38.020000
      12.453500         38.020000
      12.452500         38.020000
      12.451500         38.020000
      12.450500         38.020000
      12.449500         38.020000
      12.448500         38.020000
      12.447500         38.020000
      12.446500         38.020000
      12.445500         38.020000
      12.444500         38.020000
      12.443500         38.020000
      12.442500         38.020000
      12.441500         38.020000
      12.440500         38.020000
      12.439500         38.020000
      12.438500         38.020000
      12.437500         38.020000
      12.436500         38.020000
      12.435500         38.020000
      12.434500         38.020000
      12.433500         38.020000
      12.432500         38.020000
      12.431500         38.020000
      12.430500         38.020000
      12.429500         38.020000
      12.428500         38.020000
      12.427500         38.020000
      12.426500         38.020000
      12.425500         38.020000
      12.424500         38.020000
      12.423500         38.020000
      12.422500         38.020000
      12.421500         38.020000
      12.420500         38.020000
      12.419500         38.020000
      12.418500         38.020000
      12.417500         38.020000
      12.416500         38.020000
      12.415500         38.020000
      12.414500         38.020000
      12.413500         38.020000
      12.412500         38.020000
      12.411500         38.020000
      12.410500         38.020000
      12.409500         38.020000
      12.408500         38.020000
      12.407500         38.020000
      12.406500         38.020000
      12.405500         38.020000
      12.404500         38.020000
      12.403500         38.020000
      12.402500         38.020000
      12.401500         38.020000
      12.400500         38.020000
      12.400500         38.019000
      12.400500         38.018000
      12.400500         38.017000
      12.400500         38.016000
      12.400500         38.015000
      12.400500         38.014000
      12.400500         38.013000
      12.400500         38.012000
      12.400500         38.011000
      12.400500         38.010000
      12.400500         38.009000
      12.400500         38.008000
      12.400500         38.007000
      12.400500         38.006000
      12.400500         38.005000
      12.400500         38.004000
      12.400500         38.003000
      12.400500         38.002000
      12.400500         38.001000
      12.400500         38.000000
      12.400500         37.999000
      12.400500         37.998000
      12.400500         37.997000
      12.400500         37.996000
      12.400500         37.995000
      12.400500         37.994000
      12.400500         37.993000
      12.400500         37.992000
      12.400500         37.991000
      12.400500         37.990000
      12.400500         37.989000
      12.400500         37.988000
      12.400500         37.987000
      12.400500         37.986000
      12.400500         37.985000
      12.400500         37.984000
      12.400500         37.983000
      12.400500         37.982000
      12.400500         37.981000
      12.400500         37.980000
      12.400500         37.979000
      12.400500         37.978000
      12.400500         37.977000
      12.400500         37.976000
      12.400500         37.975000
      12.400500         37.974000
      12.400500         37.973000
      12.400500         37.972000
      12.400500         37.971000
      12.400500         37.970000
      12.400500         37.969000
      12.400500         37.968000
      12.400500         37.967000
      12.400500         37.966000
      12.400500         37.965000
      12.400500         37.964000
      12.400500         37.963000
      12.400500         37.962000
      12.400500         37.961000
      12.400500         37.960000
      12.400500         37.959000
      12.400500         37.958000
      12.400500         37.957000
      12.400500         37.956000
      12.400500         37.955000
      12.400500         37.954000
      12.400500         37.953000
      12.400500         37.952000
      12.400500         37.951000
      12.400500         37.950000
      12.400500         37.949000
      12.400500         37.948000
      12.400500         37.947000
      12.400500         37.946000
      12.400500         37.945000
      12.400500         37.944000
      12.400500         37.943000
      12.400500         37.942000
      12.400500         37.941000
      12.400500         37.940000
      12.400500         37.939000
      12.400500         37.938000
      12.400500         37.937000
      12.400500         37.936000
      12.400500         37.935000
      12.400500         37.934000
      12.400500         37.933000
      12.400500         37.932000
      12.400500         37.931000
      12.400500         37.930000
      12.400500         37.929000
      12.400500         37.928000
      12.400500         37.927000
      12.400500         37.926000
      12.400500         37.925000
      12.400500         37.924000
      12.400500         37.923000
      12.400500         37.922000
      12.400500         37.921000
      12.400500         37.920000
      12.400500         37.919000
      12.400500         37.918000
      12.400500         37.917000
      12.400500         37.916000
      12.400500         37.915000
      12.400500         37.914000
      12.400500         37.913000
      12.400500         37.912000
      12.400500         37.911000
      12.400500         37.910000
      12.400500         37.909000
      12.400500         37.908000
      12.400500         37.907000
      12.400500         37.906000
      12.400500         37.905000
      12.400500         37.904000
      12.400500         37.903000
      12.400500         37.902000
      12.400500         37.901000
      12.400500         37.900000
      12.400500         37.899000
      12.400500         37.898000
      12.400500         37.897000
      12.400500         37.896000
      12.400500         37.895000
      12.400500         37.894000
      12.400500         37.893000
      12.400500         37.892000
      12.400500         37.891000
      12.400500         37.890000
      12.400500         37.889000
      12.400500         37.888000
      12.400500         37.887000
      12.400500         37.886000
      12.400500         37.885000
      12.400500         37.884000
      12.400500         37.883000
      12.400500         37.882000
      12.400500         37.881000
      12.400500         37.880000
      12.400500         37.879000
      12.400500         37.878000
      12.400500         37.877000
      12.400500         37.876000
      12.400500         37.875000
      12.400500         37.874000
      12.400500         37.873000
      12.400500         37.872000
      12.400500         37.871000
      12.400500         37.870000
      12.400500         37.869000
      12.400500         37.868000
      12.400500         37.867000
      12.400500         37.866000
      12.400500         37.865000
      12.400500         37.864000
      12.400500         37.863000
      12.400500         37.862000
      12.400500         37.861000
      12.400500         37.860000
      12.400500         37.859000
      12.400500         37.858000
      12.400500         37.857000
      12.400500         37.856000
      12.400500         37.855000
      12.400500         37.854000
      12.400500         37.853000
      12.400500         37.852000
      12.400500         37.851000
      12.400500         37.850000
      12.400500         37.849000
      12.400500         37.848000
      12.400500         37.847000
      12.400500         37.846000
      12.400500         37.845000
      12.400500         37.844000
      12.400500         37.843000
      12.400500         37.842000
      12.400500         37.841000
      12.400500         37.840000
      12.400500         37.839000
      12.400500         37.838000
      12.400500         37.837000
      12.400500         37.836000
      12.400500         37.835000
      12.400500         37.834000
      12.400500         37.833000
      12.400500         37.832000
      12.400500         37.831000
      12.400500         37.830000
      12.400500         37.829000
      12.400500         37.828000
      12.400500         37.827000
      12.400500         37.826000
      12.400500         37.825000
      12.400500         37.824000
      12.400500         37.823000
      12.400500         37.822000
      12.400500         37.821000
      12.400500         37.820000
      12.400500         37.819000
      12.400500         37.818000
      12.400500         37.817000
      12.400500         37.816000
      12.400500         37.815000
      12.400500         37.814000
      12.400500         37.813000
      12.400500         37.812000
      12.400500         37.811000
      12.400500         37.810000
      12.400500         37.809000
      12.400500         37.808000
      12.400500         37.807000
      12.400500         37.806000
      12.400500         37.805000
      12.400500         37.804000
      12.400500         37.803000
      12.400500         37.802000
      12.400500         37.801000
